 AL(OH)3         AL2O3           HALO2                           
                                                                 
                                 


  OPTIONS:  joules                                  



  TEMPERATURE SCHEDULE

     300.000     310.000     320.000     330.000     340.000     350.000
     360.000     370.000     380.000     390.000     400.000     410.000
     420.000     430.000     440.000     450.000     460.000     470.000
     480.000     490.000     500.000     510.000     520.000     530.000
     540.000     550.000     560.000     570.000     580.000     590.000
     600.000     610.000     620.000     630.000     640.000     650.000
     660.000     670.000     680.000     690.000     700.000     710.000
     720.000     730.000     740.000     750.000     760.000     770.000
     780.000     790.000     800.000     810.000     820.000     830.000
     840.000     850.000     860.000     870.000     880.000     890.000
     900.000     910.000     920.000     930.000     940.000     950.000
     960.000     970.000     980.000     990.000    1000.000



   NOTE:  Thermodynamic properties calculated for temperatures outside the range of 
        the fitted data may have large errors.  This program allows calculations only 
        for temperatures within 20% above or below the fitted temperature range.




                      COEFFICIENTS FOR FITTED THERMODYNAMIC FUNCTIONS


      AL(OH)3           Gurvich,1996a pt1 p150 pt2 p115.                              
       2 tpis96 AL  1.00O   3.00H   3.00    0.00    0.00 0     78.00356   -1012667.542
          200.000  1000.000 7 -2.0 -1.0  0.0  1.0  2.0  3.0  4.0  0.0        17594.767
      -1.402475452E+04 3.696073460E+02-2.979600650E-01 4.929859350E-02-6.981572280E-05
       5.014801700E-08-1.412480165E-11 0.000000000E+00-1.255260760E+05 2.711490074E+01
         1000.000  6000.000 7 -2.0 -1.0  0.0  1.0  2.0  3.0  4.0  0.0        17594.767
       2.477063616E+06-8.968617250E+03 2.280320998E+01-8.320292250E-04 8.663494430E-08
      -2.420287082E-12-1.331746442E-16 0.000000000E+00-7.015278640E+04-1.121899198E+02




   THERMODYNAMIC FUNCTIONS CALCULATED FROM COEFFICIENTS FOR AL(OH)3         


      T         Cp        H-H298        S      -(G-H298)/T      H        delta Hf     log K
    deg-K    J/mol-K      kJ/mol     J/mol-K     J/mol-K      kJ/mol      kJ/mol

      0        0.        -17.595       0.        INFINITE  -1030.262   -1000.000    INFINITE
     300      87.502       0.162     302.082     301.543   -1012.506   -1012.712    164.2766
     310      88.842       1.043     304.973     301.607   -1011.624   -1012.948    158.5881
     320      90.143       1.938     307.814     301.757   -1010.729   -1013.174    153.2538
     330      91.406       2.846     310.608     301.983   -1009.821   -1013.391    148.2418
     340      92.631       3.766     313.355     302.277   -1008.901   -1013.598    143.5236
     350      93.819       4.699     316.057     302.632   -1007.969   -1013.797    139.0741
     360      94.971       5.643     318.716     303.042   -1007.025   -1013.987    134.8710
     370      96.088       6.598     321.334     303.501   -1006.070   -1014.168    130.8944
     380      97.170       7.564     323.911     304.005   -1005.103   -1014.342    127.1264
     390      98.219       8.541     326.448     304.548   -1004.126   -1014.507    123.5511
     400      99.235       9.529     328.948     305.126   -1003.139   -1014.666    120.1539
     410     100.220      10.526     331.410     305.738   -1002.142   -1014.817    116.9220
     420     101.174      11.533     333.837     306.378   -1001.135   -1014.961    113.8436
     430     102.097      12.549     336.228     307.044   -1000.118   -1015.098    110.9079
     440     102.992      13.575     338.586     307.734    -999.093   -1015.229    108.1053
     450     103.859      14.609     340.910     308.446    -998.059   -1015.354    105.4269
     460     104.699      15.652     343.202     309.177    -997.016   -1015.474    102.8646
     470     105.513      16.703     345.463     309.925    -995.965   -1015.587    100.4112
     480     106.302      17.762     347.692     310.688    -994.906   -1015.696     98.0596
     490     107.067      18.829     349.892     311.466    -993.839   -1015.799     95.8039
     500     107.808      19.903     352.063     312.256    -992.764   -1015.898     93.6381

     510     108.527      20.985     354.205     313.058    -991.683   -1015.992     91.5571
     520     109.224      22.074     356.319     313.869    -990.594   -1016.081     89.5559
     530     109.900      23.169     358.406     314.690    -989.498   -1016.167     87.6301
     540     110.557      24.272     360.466     315.519    -988.396   -1016.248     85.7754
     550     111.194      25.380     362.501     316.355    -987.287   -1016.326     83.9881
     560     111.814      26.495     364.510     317.197    -986.172   -1016.400     82.2645
     570     112.416      27.617     366.494     318.044    -985.051   -1016.471     80.6012
     580     113.001      28.744     368.454     318.896    -983.924   -1016.538     78.9952
     590     113.571      29.877     370.391     319.753    -982.791   -1016.603     77.4435
     600     114.125      31.015     372.304     320.613    -981.652   -1016.665     75.9434
     610     114.665      32.159     374.195     321.476    -980.509   -1016.724     74.4924
     620     115.191      33.308     376.064     322.341    -979.359   -1016.780     73.0882
     630     115.704      34.463     377.911     323.208    -978.205   -1016.834     71.7285
     640     116.205      35.622     379.737     324.078    -977.045   -1016.886     70.4112
     650     116.694      36.787     381.543     324.948    -975.881   -1016.935     69.1343
     660     117.171      37.956     383.328     325.819    -974.711   -1016.983     67.8961
     670     117.639      39.130     385.094     326.690    -973.537   -1017.029     66.6948
     680     118.096      40.309     386.840     327.562    -972.359   -1017.073     65.5288
     690     118.543      41.492     388.567     328.434    -971.175   -1017.115     64.3965
     700     118.982      42.680     390.276     329.305    -969.988   -1017.156     63.2965
     710     119.412      43.872     391.967     330.176    -968.796   -1017.195     62.2275
     720     119.834      45.068     393.640     331.046    -967.600   -1017.234     61.1881
     730     120.248      46.268     395.296     331.914    -966.399   -1017.271     60.1772
     740     120.655      47.473     396.934     332.782    -965.195   -1017.306     59.1936
     750     121.055      48.681     398.557     333.648    -963.986   -1017.341     58.2361
     760     121.449      49.894     400.163     334.513    -962.774   -1017.375     57.3039
     770     121.837      51.110     401.753     335.376    -961.557   -1017.408     56.3958
     780     122.218      52.331     403.327     336.237    -960.337   -1017.441     55.5109
     790     122.594      53.555     404.887     337.096    -959.113   -1017.472     54.6484
     800     122.965      54.783     406.431     337.953    -957.885   -1017.504     53.8075
     810     123.331      56.014     407.961     338.808    -956.653   -1017.535     52.9873
     820     123.691      57.249     409.477     339.660    -955.418   -1017.565     52.1871
     830     124.047      58.488     410.978     340.511    -954.180   -1017.595     51.4062
     840     124.398      59.730     412.466     341.358    -952.937   -1017.625     50.6438
     850     124.745      60.976     413.940     342.204    -951.692   -1017.655     49.8993
     860     125.088      62.225     415.401     343.046    -950.443   -1017.685     49.1721
     870     125.426      63.478     416.849     343.886    -949.190   -1017.716     48.4617
     880     125.759      64.733     418.284     344.724    -947.934   -1017.746     47.7673
     890     126.089      65.993     419.707     345.558    -946.675   -1017.777     47.0886
     900     126.414      67.255     421.118     346.390    -945.412   -1017.808     46.4249
     910     126.735      68.521     422.517     347.219    -944.147   -1017.840     45.7757
     920     127.051      69.790     423.903     348.045    -942.878   -1017.872     45.1407
     930     127.363      71.062     425.279     348.868    -941.606   -1017.905     44.5193
 *   940     127.670      72.337     426.642     349.688    -940.330   -1028.624     43.9070
     950     127.972      73.615     427.995     350.505    -939.052   -1028.633     43.3053
     960     128.270      74.897     429.337     351.319    -937.771   -1028.639     42.7162
     970     128.562      76.181     430.667     352.131    -936.487   -1028.644     42.1392
     980     128.849      77.468     431.987     352.939    -935.200   -1028.648     41.5740
     990     129.130      78.758     433.297     353.744    -933.910   -1028.650     41.0202
    1000     129.405      80.050     434.596     354.546    -932.617   -1028.650     40.4775



   *Assigned reference phase change at   933.61 K,








                      COEFFICIENTS FOR FITTED THERMODYNAMIC FUNCTIONS


      AL2O3             Gurvich,1996a pt1 p137 pt2 p105.                              
       2 tpis96 AL  2.00O   3.00    0.00    0.00    0.00 0    101.96128    -546890.530
          200.000  1000.000 7 -2.0 -1.0  0.0  1.0  2.0  3.0  4.0  0.0        19598.070
      -7.443374320E+03 8.829004210E+01 5.264662640E+00 2.507678848E-02-3.434541650E-05
       2.302516980E-08-6.122529280E-12 0.000000000E+00-6.872685950E+04 2.202324298E+00
         1000.000  6000.000 7 -2.0 -1.0  0.0  1.0  2.0  3.0  4.0  0.0        19598.070
      -2.777784969E+05-4.917465930E+02 1.386703888E+01-1.469381940E-04 3.250406490E-08
      -3.730867350E-12 1.730444284E-16 0.000000000E+00-6.790757850E+04-4.375559873E+01




   THERMODYNAMIC FUNCTIONS CALCULATED FROM COEFFICIENTS FOR AL2O3           


      T         Cp        H-H298        S      -(G-H298)/T      H        delta Hf     log K
    deg-K    J/mol-K      kJ/mol     J/mol-K     J/mol-K      kJ/mol      kJ/mol

      0        0.        -19.598       0.        INFINITE   -566.489    -544.388    INFINITE
     300      87.139       0.161     317.200     316.663    -546.729    -546.901     92.7301
     310      87.923       1.036     320.070     316.727    -545.854    -546.953     89.6583
     320      88.681       1.919     322.874     316.875    -544.971    -547.002     86.7782
     330      89.413       2.810     325.614     317.099    -544.081    -547.048     84.0725
     340      90.120       3.708     328.294     317.389    -543.183    -547.090     81.5256
     350      90.803       4.612     330.916     317.738    -542.278    -547.130     79.1242
     360      91.463       5.524     333.483     318.140    -541.367    -547.168     76.8560
     370      92.100       6.441     335.998     318.589    -540.449    -547.202     74.7102
     380      92.715       7.366     338.462     319.079    -539.525    -547.235     72.6773
     390      93.308       8.296     340.878     319.607    -538.595    -547.265     70.7485
     400      93.881       9.232     343.248     320.169    -537.659    -547.294     68.9161
     410      94.433      10.173     345.573     320.760    -536.717    -547.320     67.1729
     420      94.966      11.120     347.855     321.378    -535.770    -547.346     65.5127
     430      95.481      12.072     350.096     322.020    -534.818    -547.369     63.9296
     440      95.977      13.030     352.296     322.683    -533.861    -547.392     62.4184
     450      96.455      13.992     354.459     323.365    -532.899    -547.414     60.9744
     460      96.916      14.959     356.584     324.065    -531.932    -547.434     59.5930
     470      97.361      15.930     358.673     324.779    -530.960    -547.454     58.2704
     480      97.790      16.906     360.727     325.506    -529.985    -547.474     57.0029
     490      98.203      17.886     362.748     326.246    -529.005    -547.493     55.7870
     500      98.602      18.870     364.736     326.996    -528.021    -547.511     54.6197

     510      98.986      19.858     366.692     327.755    -527.033    -547.530     53.4982
     520      99.356      20.850     368.618     328.522    -526.041    -547.548     52.4198
     530      99.713      21.845     370.514     329.297    -525.046    -547.567     51.3820
     540     100.057      22.844     372.381     330.077    -524.047    -547.586     50.3827
     550     100.388      23.846     374.220     330.863    -523.044    -547.605     49.4196
     560     100.708      24.852     376.032     331.654    -522.039    -547.625     48.4909
     570     101.016      25.860     377.817     332.448    -521.030    -547.645     47.5948
     580     101.313      26.872     379.576     333.245    -520.019    -547.666     46.7295
     590     101.600      27.886     381.311     334.045    -519.004    -547.688     45.8935
     600     101.876      28.904     383.021     334.848    -517.987    -547.711     45.0854
     610     102.143      29.924     384.707     335.651    -516.967    -547.735     44.3037
     620     102.400      30.947     386.370     336.456    -515.944    -547.760     43.5472
     630     102.648      31.972     388.010     337.261    -514.919    -547.787     42.8147
     640     102.887      33.000     389.629     338.067    -513.891    -547.815     42.1051
     650     103.118      34.030     391.226     338.872    -512.861    -547.845     41.4172
     660     103.342      35.062     392.802     339.677    -511.829    -547.876     40.7501
     670     103.557      36.096     394.357     340.482    -510.794    -547.909     40.1030
     680     103.766      37.133     395.893     341.286    -509.757    -547.944     39.4748
     690     103.967      38.172     397.409     342.088    -508.719    -547.981     38.8648
     700     104.162      39.212     398.907     342.889    -507.678    -548.020     38.2721
     710     104.350      40.255     400.386     343.688    -506.636    -548.061     37.6962
     720     104.532      41.299     401.846     344.486    -505.591    -548.104     37.1361
     730     104.709      42.346     403.289     345.282    -504.545    -548.150     36.5914
     740     104.880      43.394     404.715     346.075    -503.497    -548.199     36.0614
     750     105.045      44.443     406.124     346.867    -502.447    -548.250     35.5454
     760     105.206      45.494     407.517     347.655    -501.396    -548.305     35.0430
     770     105.361      46.547     408.893     348.442    -500.343    -548.362     34.5536
     780     105.512      47.602     410.253     349.226    -499.289    -548.422     34.0766
     790     105.659      48.658     411.598     350.007    -498.233    -548.485     33.6117
     800     105.801      49.715     412.928     350.785    -497.176    -548.552     33.1584
     810     105.939      50.774     414.244     351.560    -496.117    -548.622     32.7162
     820     106.073      51.834     415.544     352.333    -495.057    -548.695     32.2847
     830     106.203      52.895     416.831     353.102    -493.996    -548.772     31.8636
     840     106.330      53.958     418.103     353.868    -492.933    -548.853     31.4524
     850     106.453      55.022     419.363     354.631    -491.869    -548.939     31.0509
     860     106.573      56.087     420.608     355.391    -490.804    -549.028     30.6586
     870     106.689      57.153     421.841     356.148    -489.738    -549.121     30.2753
     880     106.802      58.220     423.061     356.901    -488.670    -549.219     29.9006
     890     106.911      59.289     424.268     357.652    -487.602    -549.321     29.5343
     900     107.018      60.359     425.464     358.398    -486.532    -549.428     29.1761
     910     107.122      61.429     426.647     359.142    -485.461    -549.540     28.8256
     920     107.222      62.501     427.818     359.882    -484.389    -549.657     28.4827
     930     107.320      63.574     428.978     360.619    -483.317    -549.779     28.1471
 *   940     107.414      64.647     430.126     361.352    -482.243    -571.276     27.8105
     950     107.506      65.722     431.263     362.082    -481.168    -571.355     27.4763
     960     107.595      66.798     432.389     362.809    -480.093    -571.434     27.1490
     970     107.680      67.874     433.505     363.532    -479.017    -571.514     26.8285
     980     107.763      68.951     434.610     364.251    -477.939    -571.593     26.5144
     990     107.842      70.029     435.704     364.968    -476.861    -571.672     26.2067
    1000     107.918      71.108     436.788     365.680    -475.783    -571.751     25.9050



   *Assigned reference phase change at   933.61 K,








                      COEFFICIENTS FOR FITTED THERMODYNAMIC FUNCTIONS


      HALO2             Gurvich,1996a pt1 p148 pt2 p112.                              
       2 tpis96 H   1.00AL  1.00O   2.00    0.00    0.00 0     59.98828    -355473.551
          200.000  1000.000 7 -2.0 -1.0  0.0  1.0  2.0  3.0  4.0  0.0        11980.604
       3.544598910E+03 1.159819104E+02 8.637970690E-01 2.460875785E-02-3.423160120E-05
       2.373182987E-08-6.467608830E-12 0.000000000E+00-4.449506140E+04 2.012317065E+01
         1000.000  6000.000 7 -2.0 -1.0  0.0  1.0  2.0  3.0  4.0  0.0        11980.604
       6.985705440E+05-2.864935042E+03 1.086721494E+01-5.368312700E-05-2.836877559E-08
       6.291641190E-12-3.889033110E-16 0.000000000E+00-2.764392495E+04-3.775886340E+01




   THERMODYNAMIC FUNCTIONS CALCULATED FROM COEFFICIENTS FOR HALO2           


      T         Cp        H-H298        S      -(G-H298)/T      H        delta Hf     log K
    deg-K    J/mol-K      kJ/mol     J/mol-K     J/mol-K      kJ/mol      kJ/mol

      0        0.        -11.981       0.        INFINITE   -367.454    -350.000    INFINITE
     300      51.383       0.095     255.143     254.827    -355.379    -355.504     59.5955
     310      52.058       0.612     256.839     254.864    -354.861    -355.669     57.5983
     320      52.715       1.136     258.502     254.952    -354.338    -355.830     55.7251
     330      53.354       1.666     260.134     255.084    -353.807    -355.986     53.9647
     340      53.975       2.203     261.736     255.257    -353.270    -356.139     52.3071
     350      54.579       2.746     263.310     255.464    -352.728    -356.288     50.7435
     360      55.164       3.295     264.855     255.704    -352.179    -356.433     49.2663
     370      55.732       3.849     266.375     255.972    -351.624    -356.575     47.8683
     380      56.283       4.409     267.868     256.265    -351.064    -356.714     46.5433
     390      56.816       4.975     269.337     256.581    -350.499    -356.849     45.2858
     400      57.334       5.545     270.782     256.918    -349.928    -356.982     44.0908
     410      57.835       6.121     272.204     257.274    -349.352    -357.112     42.9536
     420      58.320       6.702     273.604     257.646    -348.771    -357.239     41.8702
     430      58.790       7.288     274.981     258.033    -348.186    -357.363     40.8368
     440      59.245       7.878     276.338     258.434    -347.596    -357.485     39.8500
     450      59.685       8.472     277.674     258.847    -347.001    -357.605     38.9068
     460      60.111       9.071     278.991     259.270    -346.402    -357.722     38.0043
     470      60.524       9.675     280.288     259.704    -345.799    -357.838     37.1399
     480      60.923      10.282     281.567     260.146    -345.192    -357.951     36.3113
     490      61.309      10.893     282.827     260.596    -344.580    -358.063     35.5162
     500      61.683      11.508     284.069     261.053    -343.965    -358.174     34.7527

     510      62.044      12.127     285.294     261.516    -343.347    -358.282     34.0189
     520      62.394      12.749     286.502     261.985    -342.725    -358.390     33.3132
     530      62.733      13.375     287.694     262.459    -342.099    -358.496     32.6338
     540      63.061      14.004     288.870     262.937    -341.470    -358.600     31.9795
     550      63.379      14.636     290.030     263.419    -340.838    -358.704     31.3487
     560      63.687      15.271     291.175     263.905    -340.202    -358.807     30.7403
     570      63.985      15.909     292.305     264.393    -339.564    -358.909     30.1531
     580      64.274      16.551     293.420     264.884    -338.923    -359.010     29.5859
     590      64.554      17.195     294.521     265.377    -338.279    -359.111     29.0379
     600      64.826      17.842     295.608     265.872    -337.632    -359.211     28.5079
     610      65.089      18.491     296.682     266.368    -336.982    -359.310     27.9952
     620      65.345      19.144     297.742     266.866    -336.330    -359.409     27.4989
     630      65.594      19.798     298.790     267.364    -335.675    -359.508     27.0182
     640      65.835      20.455     299.825     267.863    -335.018    -359.606     26.5524
     650      66.070      21.115     300.847     268.363    -334.359    -359.705     26.1008
     660      66.298      21.777     301.858     268.863    -333.697    -359.803     25.6628
     670      66.520      22.441     302.857     269.363    -333.033    -359.901     25.2377
     680      66.736      23.107     303.844     269.863    -332.366    -360.000     24.8251
     690      66.947      23.776     304.819     270.362    -331.698    -360.098     24.4242
     700      67.152      24.446     305.784     270.861    -331.027    -360.197     24.0348
     710      67.353      25.119     306.738     271.360    -330.355    -360.297     23.6561
     720      67.548      25.793     307.682     271.858    -329.680    -360.396     23.2880
     730      67.739      26.470     308.615     272.355    -329.004    -360.496     22.9297
     740      67.926      27.148     309.537     272.851    -328.326    -360.597     22.5811
     750      68.108      27.828     310.450     273.346    -327.645    -360.698     22.2417
     760      68.287      28.510     311.354     273.841    -326.964    -360.800     21.9111
     770      68.462      29.194     312.248     274.334    -326.280    -360.903     21.5890
     780      68.633      29.879     313.132     274.825    -325.594    -361.006     21.2751
     790      68.801      30.566     314.007     275.316    -324.907    -361.111     20.9691
     800      68.966      31.255     314.874     275.805    -324.218    -361.216     20.6706
     810      69.128      31.946     315.732     276.292    -323.528    -361.323     20.3794
     820      69.286      32.638     316.581     276.779    -322.836    -361.431     20.0952
     830      69.442      33.331     317.422     277.263    -322.142    -361.540     19.8177
     840      69.595      34.027     318.254     277.746    -321.447    -361.650     19.5468
     850      69.746      34.723     319.079     278.228    -320.750    -361.761     19.2822
     860      69.894      35.422     319.895     278.707    -320.052    -361.874     19.0237
     870      70.039      36.121     320.704     279.186    -319.352    -361.989     18.7710
     880      70.182      36.822     321.505     279.662    -318.651    -362.105     18.5240
     890      70.323      37.525     322.299     280.137    -317.949    -362.223     18.2825
     900      70.461      38.229     323.086     280.609    -317.245    -362.342     18.0462
     910      70.597      38.934     323.865     281.080    -316.539    -362.464     17.8151
     920      70.730      39.641     324.637     281.550    -315.833    -362.587     17.5889
     930      70.861      40.349     325.403     282.017    -315.125    -362.712     17.3675
 *   940      70.990      41.058     326.161     282.483    -314.416    -373.524     17.1467
     950      71.116      41.768     326.913     282.946    -313.705    -373.627     16.9282
     960      71.240      42.480     327.659     283.408    -312.993    -373.730     16.7142
     970      71.362      43.193     328.397     283.868    -312.280    -373.832     16.5045
     980      71.481      43.907     329.130     284.326    -311.566    -373.933     16.2991
     990      71.597      44.623     329.856     284.783    -310.851    -374.034     16.0977
    1000      71.710      45.339     330.576     285.237    -310.134    -374.135     15.9004



   *Assigned reference phase change at   933.61 K,






